Epoch Train loss   Valid loss   Train F1  Valid F1 
1     1.3368760679 1.3392804356 0.0000000 0.0000000
2     1.3373332490 1.3392048090 0.0000000 0.0000000
3     1.3330580615 1.3328856529 0.0000000 0.0013076
4     1.3249861593 1.3231710871 0.0092383 0.0181772
5     1.3293329295 1.3277271769 0.0046380 0.0096172
6     1.3252284554 1.3242410871 0.0030650 0.0091428
7     1.3210802254 1.3231723516 0.0032074 0.0065105
8     1.3252351074 1.3244664072 0.0077930 0.0153767
9     1.3164747075 1.3180803267 0.0097922 0.0174995
10    1.3144325249 1.3158181943 0.0287462 0.0423033
11    1.3052639694 1.3058508777 0.0424091 0.0560899
12    1.2996898398 1.3004435847 0.0230382 0.0438724
13    1.2935472498 1.2943140530 0.0456186 0.0579284
14    1.2957380962 1.2964847849 0.0336900 0.0521660
15    1.2920834089 1.2918533641 0.0533696 0.0681191
16    1.2831207582 1.2829780074 0.0434656 0.0583972
17    1.2860389872 1.2856417513 0.0495016 0.0599574
18    1.2785540684 1.2774507751 0.0707173 0.0855218
19    1.2740776650 1.2729736318 0.0724970 0.0894162
20    1.2659114604 1.2624987558 0.0891978 0.1052802
21    1.2635423237 1.2611240716 0.0875171 0.1032663
22    1.2649592753 1.2659894582 0.0949288 0.1077175
23    1.2584505820 1.2578473855 0.1022041 0.1113546
24    1.2599325940 1.2585041432 0.0992285 0.1113647
25    1.2588622653 1.2588367935 0.1004831 0.1142819
Done training!
CPU times: user 26min 35s, sys: 4.05 s, total: 26min 39s
Wall time: 26min 55s