Epoch Train loss   Valid loss   Train F1  Valid F1 
1     1.3189368568 1.3164252144 0.0481714 0.0560895
2     1.3137169414 1.3115167126 0.0569215 0.0714803
3     1.3101363019 1.3076329896 0.0624483 0.0782247
4     1.3028357092 1.3018998848 0.0705869 0.0838383
5     1.3035138320 1.2998994978 0.0773754 0.1034412
6     1.2991239456 1.2964339228 0.0776033 0.0978556
7     1.2937665651 1.2929306482 0.0813855 0.1094126
8     1.2908944384 1.2883204419 0.0880376 0.1109994
9     1.2864478839 1.2842522533 0.0922206 0.1135502
10    1.2853557683 1.2847115263 0.1069236 0.1349065
11    1.2789029386 1.2811574477 0.1055152 0.1251695
12    1.2775836408 1.2811918801 0.1187048 0.1371537
13    1.2745593659 1.2805917259 0.1227730 0.1478406
14    1.2725669465 1.2797984108 0.1232052 0.1546297
15    1.2716960601 1.2763066290 0.1308158 0.1523197
16    1.2652125598 1.2717390011 0.1434942 0.1607163
17    1.2675728976 1.2711698459 0.1381981 0.1649673
18    1.2612495880 1.2696049305 0.1558440 0.1721797
19    1.2591931423 1.2719151940 0.1589130 0.1800220
20    1.2574429467 1.2691930418 0.1645091 0.1781208
21    1.2535929655 1.2671216324 0.1666502 0.1887497
22    1.2530409154 1.2631015856 0.1479495 0.1756819
23    1.2522461820 1.2635928674 0.1693190 0.1869881
24    1.2486742534 1.2652573453 0.1686010 0.1868836
25    1.2484169014 1.2652411622 0.1741388 0.1976106
Done training!
CPU times: user 22min 43s, sys: 472 ms, total: 22min 44s
Wall time: 22min 57s