Epoch Train loss   Valid loss   Train F1  Valid F1 
1     1.3138825945 1.3133283829 0.0631306 0.0758931
2     1.3099036590 1.3092418718 0.0824651 0.1014833
3     1.3000129615 1.3015985508 0.0865963 0.1125866
4     1.2963386810 1.2935263128 0.0949614 0.1219639
5     1.2907222676 1.2933800316 0.1173753 0.1360627
6     1.2867070709 1.2863457038 0.1218626 0.1488839
7     1.2811049840 1.2809756837 0.1172895 0.1397304
8     1.2774448807 1.2823055134 0.1410313 0.1600058
9     1.2729891234 1.2789788006 0.1329323 0.1482590
10    1.2680927149 1.2721942303 0.1498120 0.1590130
11    1.2648287981 1.2689259603 0.1541825 0.1726730
12    1.2611985643 1.2643819410 0.1804628 0.1876013
13    1.2608828573 1.2695776353 0.1754138 0.1735562
14    1.2593625211 1.2661688463 0.1861876 0.1960329
15    1.2508688055 1.2622043018 0.1810680 0.1852525
16    1.2465041164 1.2635229163 0.1839946 0.2002677
17    1.2412009858 1.2553414443 0.1976321 0.2118455
18    1.2389259868 1.2558383506 0.2045732 0.2313956
19    1.2361968417 1.2495724428 0.1983348 0.2174694
20    1.2370874907 1.2493573938 0.2035987 0.2201190
21    1.2283590311 1.2450115625 0.2091558 0.2151915
22    1.2269656387 1.2465179104 0.2189644 0.2243876
23    1.2201658934 1.2451758288 0.2369521 0.2384356
24    1.2204572683 1.2480770204 0.2483723 0.2465150
25    1.2184508627 1.2465170641 0.2380098 0.2405552
Done training!
CPU times: user 23min 54s, sys: 633 ms, total: 23min 55s
Wall time: 24min 9s
