              precision    recall  f1-score   support

           0       0.54      0.67      0.60        21
           1       0.68      0.75      0.71        72
           2       0.66      0.81      0.73        58
           3       0.67      0.85      0.75       200
           4       0.69      0.74      0.71        94
           5       0.69      0.75      0.72       631
           6       0.71      0.80      0.75       145
           7       0.60      0.69      0.64       595
           8       0.55      0.69      0.62       118
           9       0.88      0.84      0.86      1262
          10       0.77      0.86      0.81       644
          11       0.33      0.48      0.39        27
          12       0.52      0.68      0.59        37
          13       0.63      0.72      0.67        93

   micro avg       0.73      0.79      0.76      3997
   macro avg       0.64      0.74      0.68      3997
weighted avg       0.74      0.79      0.76      3997
 samples avg       0.37      0.38      0.37      3997
