Epoch Train loss   Valid loss   Train F1  Valid F1 
1     1.0982531781 1.1116930712 0.5969490 0.5732958
2     1.0330259278 1.0594264153 0.6732785 0.6336126
3     0.9994617607 1.0398012450 0.7694277 0.6968545
4     0.9838649662 1.0359139099 0.8097032 0.7175347
5     0.9741509290 1.0373079776 0.8432264 0.7233936
6     0.9652619038 1.0397467355 0.8830416 0.7390743
7     0.9577268700 1.0459713131 0.9132307 0.7408067
8     0.9538794324 1.0471814531 0.9305775 0.7418093
9     0.9498215784 1.0496379560 0.9521770 0.7422851
10    0.9465675031 1.0532331197 0.9626653 0.7372579
11    0.9442055404 1.0523315336 0.9756168 0.7406098
12    0.9426645190 1.0545623080 0.9817221 0.7371874
13    0.9407135038 1.0591238788 0.9829673 0.7362682
14    0.9402805768 1.0566708627 0.9866835 0.7354554
15    0.9392758654 1.0568781934 0.9889650 0.7391741
16    0.9380221225 1.0630968807 0.9907439 0.7353591
17    0.9382087019 1.0607551119 0.9904286 0.7351465
18    0.9374743462 1.0613712511 0.9941455 0.7427400
19    0.9375882759 1.0604113723 0.9948187 0.7369770
20    0.9366048974 1.0605753675 0.9957675 0.7376226
21    0.9364691374 1.0631664791 0.9958206 0.7380049
22    0.9360201074 1.0647408658 0.9970429 0.7443945
23    0.9363293321 1.0646607158 0.9969938 0.7362121
24    0.9360662970 1.0641859036 0.9972788 0.7380593
25    0.9364118748 1.0622860638 0.9976299 0.7388204
Done training!
CPU times: user 13min 17s, sys: 35.8 s, total: 13min 53s
Wall time: 14min 4s
