Epoch Train loss   Valid loss   Train F1  Valid F1 
1     1.1147891266 1.1109805190 0.5378406 0.5717770
2     1.0596112901 1.0637588018 0.6202968 0.6337734
3     1.0435243384 1.0490415925 0.6327435 0.6439427
4     1.0266473916 1.0407405594 0.6797180 0.6750888
5     1.0226480855 1.0376876399 0.6508651 0.6620232
6     1.0134720762 1.0345527710 0.6928111 0.6921918
7     1.0072540679 1.0370269584 0.7169382 0.7004441
8     0.9976585871 1.0331630088 0.7480247 0.7159740
9     0.9966083756 1.0292200220 0.7354736 0.7116476
10    1.0082193233 1.0393275191 0.7043048 0.6792297
11    0.9942743902 1.0342532304 0.7311671 0.6938660
12    0.9943674524 1.0356872081 0.7563937 0.7194874
13    0.9924358080 1.0406529935 0.7693884 0.7220641
14    0.9842433366 1.0351810545 0.7875795 0.7315184
15    0.9829877461 1.0324819694 0.7894255 0.7207649
16    0.9808129439 1.0363424037 0.7955105 0.7327959
17    0.9768026705 1.0367439367 0.8040144 0.7288302
18    0.9733585528 1.0424071713 0.8358291 0.7386237
19    0.9708274200 1.0361735907 0.8384902 0.7387068
20    0.9684945022 1.0408507820 0.8414947 0.7400925
21    0.9675814197 1.0385450701 0.8529302 0.7414089
22    0.9643155922 1.0414038992 0.8686060 0.7461457
23    0.9637892275 1.0406447281 0.8693323 0.7463915
24    0.9623555596 1.0426717635 0.8747177 0.7490399
25    0.9621594313 1.0433978468 0.8726657 0.7472646
Done training!
CPU times: user 34min 3s, sys: 2min 33s, total: 36min 37s
Wall time: 36min 57s