Epoch Train loss   Valid loss   Train F1  Valid F1 
1     1.1289684109 1.1205763423 0.5091072 0.5360754
2     1.0755915496 1.0756270390 0.5754777 0.5832442
3     1.0589477895 1.0629430908 0.5980845 0.6091918
4     1.0466739025 1.0552671376 0.6304569 0.6420706
5     1.0346024069 1.0493261226 0.6168285 0.6254041
6     1.0333029688 1.0531736745 0.6379919 0.6435681
7     1.0193213441 1.0451965737 0.6689619 0.6745379
8     1.0170927238 1.0463837588 0.6819375 0.6802092
9     1.0090236396 1.0423948511 0.6972612 0.6876470
10    1.0346022616 1.0568775231 0.5917873 0.6062331
11    1.0034559029 1.0409213491 0.7145398 0.6963280
12    1.0030468350 1.0436212549 0.7301701 0.6986510
13    0.9967685485 1.0477356909 0.7440857 0.7053682
14    0.9940503315 1.0420915128 0.7394110 0.6903238
15    0.9901009338 1.0450794874 0.7580998 0.7051346
16    0.9866800306 1.0410012683 0.7781695 0.7203953
17    0.9854684953 1.0444697933 0.7770792 0.7088199
18    0.9832668216 1.0452107473 0.7845480 0.7196298
19    0.9822986777 1.0444544107 0.7860339 0.7186013
20    0.9812642030 1.0395585901 0.7932070 0.7077714
21    0.9786525803 1.0448635942 0.8061905 0.7171507
22    0.9759013465 1.0451243222 0.8168957 0.7282586
23    0.9740373284 1.0445389843 0.8256894 0.7253842
24    0.9737037431 1.0463758431 0.8288928 0.7281318
25    0.9743173004 1.0475934601 0.8294632 0.7295749
Done training!
CPU times: user 27min 11s, sys: 9.86 s, total: 27min 21s
Wall time: 27min 36s
