Epoch Train loss   Valid loss   Train F1  Valid F1 
1     1.1150261384 1.1101577305 0.5638852 0.5876886
2     1.0582096481 1.0608798813 0.6236161 0.6317942
3     1.0329115687 1.0418016210 0.6758979 0.6927353
4     1.0348579492 1.0434348611 0.6608291 0.6682569
5     1.0231657027 1.0395936372 0.6815040 0.6898386
6     1.0144924115 1.0332356290 0.6961777 0.6956579
7     1.0050662290 1.0344055310 0.7309917 0.7140740
8     0.9966086774 1.0330664357 0.7643269 0.7249631
9     1.0113377980 1.0417883669 0.6595687 0.6428849
10    0.9937625899 1.0321019137 0.7504621 0.7203078
11    1.0102755405 1.0437427260 0.6619901 0.6536369
12    0.9879522690 1.0364392287 0.7722600 0.7269868
13    0.9882368191 1.0296019410 0.7538387 0.7063527
14    0.9838313212 1.0328952635 0.7856604 0.7317960
15    0.9772739745 1.0341206529 0.8136626 0.7447195
16    0.9751959170 1.0317532670 0.8181427 0.7400742
17    0.9743642730 1.0309900964 0.8196554 0.7364828
18    0.9699447847 1.0319957467 0.8388764 0.7505404
19    0.9683208752 1.0373964214 0.8526371 0.7526364
20    0.9674062787 1.0366075614 0.8586503 0.7563429
21    0.9631523177 1.0362540332 0.8694323 0.7606117
22    0.9626803924 1.0357770454 0.8763843 0.7590706
23    0.9612366046 1.0390945479 0.8828869 0.7579985
24    0.9607228279 1.0373136836 0.8804869 0.7602720
25    0.9608893980 1.0401220023 0.8819522 0.7599258
Done training!
CPU times: user 38min 20s, sys: 3min 37s, total: 41min 58s
Wall time: 42min 22s
