Epoch Train loss   Valid loss   Train F1  Valid F1 
1     1.0881490929 1.1048901196 0.6135094 0.5949420
2     1.0262076327 1.0592714163 0.7102419 0.6688853
3     1.0012112884 1.0426386224 0.7560402 0.6893011
4     0.9845743361 1.0350796659 0.8078935 0.7090963
5     0.9714433703 1.0431887102 0.8563618 0.7312829
6     0.9636249560 1.0441155874 0.8903180 0.7398630
7     0.9572799172 1.0443486961 0.9168624 0.7417624
8     0.9527046526 1.0513164559 0.9346004 0.7414251
9     0.9487634178 1.0545188204 0.9585394 0.7425364
10    0.9465494793 1.0541145292 0.9680609 0.7474094
11    0.9437289809 1.0547511514 0.9754636 0.7430071
12    0.9419758049 1.0551977438 0.9799384 0.7370297
13    0.9410989267 1.0564414950 0.9837415 0.7393411
14    0.9402686741 1.0589676380 0.9863337 0.7402042
15    0.9388740252 1.0593943782 0.9902447 0.7445804
16    0.9385266839 1.0610028544 0.9913496 0.7431671
17    0.9378212549 1.0607657932 0.9906473 0.7377075
18    0.9373529389 1.0614484176 0.9947011 0.7446712
19    0.9374605177 1.0587332315 0.9937050 0.7454283
20    0.9374836519 1.0596507505 0.9955548 0.7452167
21    0.9365557069 1.0597010803 0.9962102 0.7426034
22    0.9366312755 1.0597845458 0.9968221 0.7438507
23    0.9366643932 1.0614915866 0.9971165 0.7408636
24    0.9362938023 1.0628474715 0.9974659 0.7422899
25    0.9361846246 1.0661897824 0.9975064 0.7421647
Done training!
CPU times: user 13min 8s, sys: 36.1 s, total: 13min 44s
Wall time: 13min 51s
