Epoch Train loss   Valid loss   Train F1  Valid F1 
1     1.1216276605 1.1178366404 0.5644035 0.5895630
2     1.0658402613 1.0654848937 0.6149395 0.6321235
3     1.0433470176 1.0516505704 0.6470563 0.6480315
4     1.0325061255 1.0463385897 0.6563451 0.6738058
5     1.0239015536 1.0404928409 0.6597136 0.6768273
6     1.0135191076 1.0418984755 0.6911213 0.6886751
7     1.0102657123 1.0337480225 0.6934664 0.6906276
8     1.0061166885 1.0371580800 0.7085847 0.6980922
9     0.9983407618 1.0344133261 0.7355511 0.7111930
10    0.9939958028 1.0342055323 0.7402452 0.7048381
11    0.9957840941 1.0407844434 0.7458904 0.6977581
12    0.9914677824 1.0362317948 0.7539076 0.7039610
13    0.9913775328 1.0342621958 0.7540247 0.7098260
14    0.9881194907 1.0398444516 0.7679346 0.7198118
15    0.9795053986 1.0394731663 0.8078044 0.7395746
16    0.9782095335 1.0356076997 0.8072798 0.7203493
17    0.9757735758 1.0426335175 0.8154992 0.7358220
18    0.9759834651 1.0456974218 0.8135805 0.7254488
19    0.9737978583 1.0475604720 0.8264263 0.7350950
20    0.9743914633 1.0433192152 0.8235740 0.7236840
21    0.9699865494 1.0429800692 0.8459771 0.7362607
22    0.9674480427 1.0496718902 0.8544377 0.7436815
23    0.9662048413 1.0461401350 0.8561665 0.7395831
24    0.9662179334 1.0478402558 0.8586645 0.7388140
25    0.9651122490 1.0476896894 0.8592249 0.7402431
Done training!
CPU times: user 28min 29s, sys: 39.4 s, total: 29min 9s
Wall time: 29min 29s