Epoch Train loss   Valid loss   Train F1  Valid F1 
1     1.1676426139 1.1591313577 0.4457007 0.5234665
2     1.1114241731 1.0976858164 0.4780608 0.5431584
3     1.0827848155 1.0727858718 0.5598388 0.6096343
4     1.0682756715 1.0600624758 0.5997146 0.6382411
5     1.0786402659 1.0694441953 0.5143625 0.5743226
6     1.0562003702 1.0525374405 0.6144882 0.6706704
7     1.0520206688 1.0498384694 0.5996412 0.6583430
8     1.0476493822 1.0485765397 0.6247971 0.6577131
9     1.0482000295 1.0551140813 0.6404117 0.6693298
10    1.0388843894 1.0487823741 0.6425848 0.6773549
11    1.0310300291 1.0476230985 0.6627957 0.6852033
12    1.0327163860 1.0451534172 0.6441625 0.6846268
13    1.0296427368 1.0442135513 0.6459966 0.6765354
14    1.0315874561 1.0414664134 0.6378091 0.6711161
15    1.0259357599 1.0420685937 0.6676075 0.6870579
16    1.0214422414 1.0423099340 0.6711414 0.6924813
17    1.0156350968 1.0466491199 0.7073643 0.7091525
18    1.0190085155 1.0424545183 0.6820667 0.6914160
19    1.0136666582 1.0527585611 0.7154984 0.7116527
20    1.0147205441 1.0420722104 0.6874661 0.6905013
21    1.0141013946 1.0473330665 0.7031131 0.7111042
22    1.0076801351 1.0456360740 0.7142473 0.7051507
23    1.0084907364 1.0447835336 0.7127935 0.7064151
24    1.0077193272 1.0465073233 0.7117676 0.7089654
25    1.0082995381 1.0470671334 0.7212688 0.7111720
Done training!
CPU times: user 26min 28s, sys: 46.7 s, total: 27min 15s
Wall time: 27min 29s