Epoch Train loss   Valid loss   Train F1  Valid F1 
1     1.3323167506 1.3351690766 0.0018730 0.0037548
2     1.2837282550 1.2779432104 0.0495798 0.0660402
3     1.1751973321 1.1656843892 0.4626084 0.5337594
4     1.1357619255 1.1261254202 0.5050536 0.5472965
5     1.1176396735 1.1077600444 0.5386078 0.5767251
6     1.0990669669 1.0907453519 0.5663879 0.6004434
7     1.0858707381 1.0802748083 0.5828782 0.6169401
8     1.0774622387 1.0722507325 0.5745686 0.6068572
9     1.0718084288 1.0700525090 0.5864601 0.6127449
10    1.0653076249 1.0661708482 0.5784378 0.6133149
11    1.0623158128 1.0635402221 0.6078289 0.6353458
12    1.0755103665 1.0770056683 0.5319627 0.5588563
13    1.0563337478 1.0617242585 0.6116306 0.6370112
14    1.0544555810 1.0597736344 0.6265010 0.6519661
15    1.0515891142 1.0570510014 0.6055195 0.6342452
16    1.0483671285 1.0560559252 0.6340895 0.6582332
17    1.0439358420 1.0532162090 0.6320530 0.6566648
18    1.0452723624 1.0535578736 0.6199120 0.6471223
19    1.0398192719 1.0507354601 0.6282607 0.6589156
20    1.0432251314 1.0528569769 0.6260995 0.6597050
21    1.0410827215 1.0513167021 0.6251794 0.6479332
22    1.0383547146 1.0497374529 0.6424876 0.6639182
23    1.0362483906 1.0508090138 0.6410305 0.6675455
24    1.0332885027 1.0498492548 0.6459221 0.6708014
25    1.0359799907 1.0513380648 0.6479430 0.6700243
Done training!
CPU times: user 26min 37s, sys: 52.1 s, total: 27min 29s
Wall time: 27min 44s
